0
1
2
3
4
5
6
7
8
9
10
11
12
13
14
15
16
17
18
19
20
21
22
23
24
25
26
27
28
29
30
31
32
33
34
35
36
37
38
39
40
41
42
43
44
45
46
47
48
49
50
51
52
53
54
55
56
57
58
59
60
61
62
63
64
65
66
67
68
69
70
71
72
73
74
75
76
77
78
79
80
81
82
83
84
85
86
87
88
89
90
91
92
93
94
95
96
97
98
99
100
101
102
103
104
105
106
107
108
109
110
111
112
113
114
115
116
117
118
119
120
121
122
123
124
125
126
127
128
129
130
131
132
133
134
135
136
137
138
139
140
141
142
143
144
145
146
147
148
149
150
151
152
153
154
155
156
157
158
159
160
161
162
163
164
165
166
167
168
169
170
171
172
173
174
175
176
177
178
179
180
181
182
183
184
185
186
187
188
189
190
191
192
193
194
195
196
197
198
199
200
201
202
203
204
205
206
207
208
209
210
211
212
213
214
215
216
217
218
219
220
221
222
223
224
225
226
227
228
229
230
231
232
233
234
235
236
237
238
239
240
241
242
243
244
245
246
247
248
249
250
251
252
253
254
255
256
257
258
259
260
261
262
263
264
265
266
267
268
269
270
271
272
273
274
275
276
277
278
279
280
281
282
283
284
285
286
287
288
289
290
291
292
293
294
295
296
297
298
299
300
301
302
303
304
305
306
307
308
309
310
311
312
313
314
315
316
317
318
319
320
321
322
323
324
325
326
327
328
329
330
331
332
333
334
335
336
337
338
339
340
341
342
343
344
345
346
347
348
349
350
351
352
353
354
355
356
357
358
359
360
361
362
363
364
365
366
367
368
369
370
371
372
373
374
375
376
377
378
379
380
381
382
383
384
385
386
387
388
389
390
391
392
393
394
395
396
397
398
399
400
401
402
403
404
405
406
407
408
409
410
411
412
413
414
415
416
417
418
419
420
421
422
423
424
425
426
427
428
429
430
431
432
433
434
435
436
437
438
439
440
441
442
443
444
445
446
447
448
449
450
451
452
453
454
455
456
457
458
459
460
461
462
463
464
465
466
467
468
469
470
471
472
473
474
475
476
477
478
479
480
481
482
483
484
485
486
487
488
489
490
491
492
493
494
495
496
497
498
499
500
501
502
503
504
505
506
507
508
509
510
511
512
513
514
515
516
517
518
519
520
521
522
523
524
525
526
527
528
529
530
531
532
533
534
535
536
537
538
539
540
541
542
543
544
545
546
547
548
549
550
551
552
553
554
555
556
557
558
559
560
561
562
563
564
565
566
567
568
569
570
571
572
573
574
575
576
577
578
579
580
581
582
583
584
585
586
587
588
589
590
591
592
593
594
595
596
597
598
599
600
601
602
603
604
605
606
607
608
609
610
611
612
613
614
615
616
617
618
619
620
621
622
623
624
625
626
627
628
629
630
631
632
633
634
635
636
637
638
639
640
641
642
643
644
645
646
647
648
649
650
651
652
653
654
655
656
657
658
659
660
661
662
663
664
665
666
667
668
669
670
671
672
673
674
675
676
677
678
679
680
681
682
683
684
685
686
687
688
689
690
691
692
693
694
695
696
697
698
699
700
701
702
703
704
705
706
707
708
709
710
711
712
713
714
715
716
717
718
719
720
721
722
723
724
725
726
727
728
729
730
731
732
733
734
735
736
737
738
739
740
741
742
743
744
745
746
747
748
749
750
751
752
753
754
755
756
757
758
759
760
761
762
763
764
765
766
767
768
769
770
771
772
773
774
775
776
777
778
779
780
781
782
783
784
785
786
787
788
789
790
791
792
793
794
795
796
797
798
799
800
801
802
803
804
805
806
807
808
809
810
811
812
813
814
815
816
817
818
819
820
821
822
823
824
825
826
827
828
829
830
831
832
833
834
835
836
837
838
839
840
841
842
843
844
845
846
847
848
849
850
851
852
853
854
855
856
857
858
859
860
861
862
863
864
865
866
867
868
869
870
871
872
873
874
875
876
877
878
879
880
881
882
883
884
885
886
887
888
889
890
891
892
893
894
895
896
897
898
899
900
901
902
903
904
905
906
907
908
909
910
911
912
913
914
915
916
917
918
919
920
921
922
923
924
925
926
927
928
929
930
931
932
933
934
935
936
937
938
939
940
941
942
943
944
945
946
947
948
949
950
951
952
953
954
955
956
957
958
959
960
961
962
963
964
965
966
967
968
969
970
971
972
973
974
975
976
977
978
979
980
981
982
983
984
985
986
987
988
989
990
991
992
993
994
995
996
997
998
999
Sommet 
35
47
61
70
81
90
98
108
117
126
134
144
154
164
173
181
192
201
210
220
229
238
247
256
267
277
287
299
309
319
328
337
346
356
365
375
384
393
401
410
418
426
434
443
452
460
469
477
486
495
503
512
521
530
539
549
558
566
575
583
593
602
610
619
628
638
647
656
664
673
683
693
702
711
720
729
738
746
755
763
772
780
789
797
806
814
823
832
840
848
857
866
874
883
891
899
908
917
925
934
942
951
959
967
976
984
992
1000
1008
1016
1024
1032
1040
1048
1057
1065
1073
1081
1089
1097
1105
1113
1121
1128
1136
1144
1152
1160
1168
1176
1184
1192
1200
1208
1217
1225
1234
1242
1251
1260
1268
1277
1285
1294
1302
1311
1319
1328
1336
1345
1353
1361
1370
1378
1387
1395
1403
1412
1422
1431
1439
1448
1457
1465
1475
1484
1493
1501
1510
1518
1526
1535
1542
1550
1558
1565
1573
1581
1589
1597
1604
1612
1620
1628
1636
1643
1651
1659
1667
1674
1682
1690
1697
1705
1713
1721
1729
1737
1745
1753
1761
1770
1778
1786
1794
1802
1811
1819
1829
1838
1848
1856
1865
1874
1882
1891
1899
1908
1917
1925
1934
1942
1951
1959
1968
1977
1985
1994
2003
2012
2020
2029
2038
2047
2056
2065
2074
2083
2091
2099
2107
2115
2123
2131
2139
2147
2155
2164
2172
2180
2188
2196
2204
2211
2219
2227
2235
2243
2252
2261
2270
2278
2286
2294
2302
2311
2320
2329
2337
2345
2354
2363
2372
2380
2389
2397
2406
2415
2424
2432
2441
2450
2460
2470
2478
2487
2495
2503
2512
2520
2528
2537
2545
2553
2562
2570
2578
2587
2595
2603
2611
2620
2630
2638
2647
2655
2664
2673
2682
2690
2699
2707
2716
2724
2732
2740
2749
2757
2766
2774
2782
2791
2799
2808
2816
2824
2832
2840
2848
2855
2863
2872
2881
2889
2897
2905
2914
2922
2930
2938
2946
2955
2963
2971
2979
2987
2995
3004
3012
3020
3028
3037
3045
3053
3062
3070
3079
3087
3095
3103
3111
3120
3128
3136
3144
3152
3161
3169
3177
3185
3193
3202
3209
3217
3225
3233
3241
3249
3257
3265
3272
3280
3288
3296
3303
3311
3319
3327
3334
3342
3350
3357
3365
3373
3382
3390
3398
3405
3413
3421
3429
3437
3446
3454
3462
3471
3480
3488
3498
3507
3516
3525
3534
3543
3551
3560
3568
3578
3587
3596
3606
3616
3624
3633
3643
3653
3662
3671
3681
3690
3701
3712
3721
3732
3742
3750
3759
3769
3777
3787
3797
3806
3816
3825
3835
3845
3855
3865
3875
3885
3894
3904
3913
3924
3934
3945
3954
3964
3974
3985
3994
4003
4013
4023
4034
4044
4054
4064
4074
4085
4094
4105
4114
4123
4133
4142
4151
4160
4169
4178
4188
4197
4206
4216
4224
4233
4242
4252
4261
4270
4279
4289
4299
4310
4320
4329
4339
4350
4360
4370
4384
4397
4410
4423
4434
4444
4454
4463
4473
4483
4493
4503
4516
4528
4546
4566
4583
4593
4602
4611
4622
4636
4647
4660
4670
4681
4690
4699
4709
4720
4729
4739
4751
4761
4770
4779
4789
4799
4810
4820
4829
4841
4851
4861
4872
4883
4894
4905
4915
4926
4937
4947
4958
4970
4981
4992
5003
5014
5023
5033
5042
5053
5062
5071
5081
5090
5100
5109
5119
5128
5139
5150
5160
5170
5178
5188
5197
5206
5217
5227
5236
5245
5255
5263
5271
5280
5288
5298
5308
5317
5325
5336
5345
5353
5362
5371
5379
5388
5396
5404
5413
5422
5430
5439
5447
5455
5465
5473
5482
5490
5500
5508
5516
5524
5533
5541
5550
5558
5566
5575
5584
5592
5600
5609
5617
5626
5635
5643
5653
5662
5672
5680
5689
5697
5706
5715
5725
5734
5742
5752
5760
5769
5777
5787
5796
5806
5815
5824
5833
5842
5851
5859
5868
5876
5886
5896
5905
5913
5923
5932
5941
5951
5959
5968
5977
5985
5994
6003
6011
6019
6027
6036
6044
6053
6062
6070
6080
6090
6098
6107
6116
6124
6134
6143
6152
6160
6170
6178
6188
6196
6206
6216
6224
6233
6242
6252
6260
6269
6278
6287
6295
6305
6314
6323
6332
6341
6351
6361
6370
6379
6390
6399
6409
6419
6428
6436
6445
6454
6463
6475
6484
6493
6503
6512
6520
6529
6539
6548
6557
6566
6576
6585
6594
6603
6612
6621
6630
6639
6647
6656
6664
6674
6684
6692
6701
6709
6719
6728
6737
6746
6755
6764
6772
6780
6790
6798
6806
6815
6824
6833
6842
6851
6859
6868
6877
6886
6896
6905
6914
6924
6933
6941
6950
6960
6968
6976
6985
6993
7002
7011
7019
7028
7036
7045
7054
7062
7071
7080
7089
7098
7106
7114
7123
7132
7140
7148
7156
7164
7173
7181
7190
7198
7207
7216
7224
7232
7241
7249
7259
7268
7276
7285
7295
7303
7311
7320
7328
7338
7347
7357
7365
7374
7383
7391
7399
7408
7416
7425
7434
7442
7450
7460
7470
7478
7486
7495
7503
7512
7520
7529
7538
7548
7558
7567
7576
7584
7594
7604
7612
7622
7630
7639
7648
7657
7666
7677
7685
7693
7702
7711
7721
7729
7737
7746
7755
7763
7771
7779
7789
7798
7807
7815
7823
7831
7841
7849
7858
7868
7877
7886
7894
7902
7911
7920
7931
7940
7949
7959
7968
7977
7985
7994
8002
8011
8020
8029
8038
8047
8055
8064
8072
8081
8092
8100
8110
8118
8128
8137
8145
8154
8163
8171
8180
8189
8197
8206
8215
8225
8235
8243
8252
8262
8270
8279
8289
8298
8306
8315
8324
8333
8343
8352
8360
8369
8378
8386
8394
8402
8411
8419
8428
8436
8445
8453
8463
8472
8481
8491
8499
8509
8517
8525
8534
8543
8552
8561
8569
8578
8587
8597
8607
8615
8624
8633
8643
8653
8662
8670
8679
8687
8696
8704
8714
8722
8730
8738
8747
8755
8766
8775
8783
8792
8800
8809
8817
8825
8834
8844
8853
8863
8871
8881
8890
8899
8909
8918
8928
8937
8946
0
